20
1
30
0
10
10
10 1500 4500
60 30 10 0 0 0
80 10 10
1 1 1 1 1 1 1 1 1 1 1 1 1 1 1 1 1 1 1 1 1 1 1 1 1 1 1 1 1 1 0 0 0 1 1 1 1 1 1 0 0 0 1 1 1 1 1 1 0 0 0 1 1 1 1 1 1 1 1 1 1 1 1 1 1 1 1 1 1 1 1 1 1 1 1 1 1 1 1 1 1
1 1 2 3 1 2 1 2 5 3 2 3 4 5 1 1 2 1 1 3 3 2 1 4 2 2 6 5 2 1 0 0 0 1 2 3 2 2 2 0 0 0 1 2 3 1 2 3 0 0 0 1 2 3 1 1 2 3 1 2 1 2 5 3 2 3 4 5 1 1 2 1 1 3 3 2 1 4 2 2 6 
1 2 3 1 2 3 1 2 3 1 2 3 1 2 3 1 2 3 1 2 3 1 2 3 1 2 3 1 2 3 1 2 3 1 2 3 1 2 3 1 2 3 1 2 3 1 2 3 1 2 3 1 2 3 1 2 3 1 2 3 1 2 3 1 2 3 1 2 3 1 2 3 1 2 3 1 2 3 1 2 3 
2
0
50
12
15
200 300 400
60 30 10 0 0 0
80 10 10
1 1 1 1 1 1 1 1 1 1 1 1 1 1 1 1 1 1 1 1 1 1 1 1 1 1 1 1 1 1 0 0 0 1 1 1 1 1 1 0 0 0 1 1 1 1 1 1 0 0 0 1 1 1 1 1 1 1 1 1 1 1 1 1 1 1 1 1 1 1 1 1 1 1 1 1 1 1 1 1 1
1 1 2 3 1 2 1 2 5 3 2 3 4 5 1 1 2 1 1 3 3 2 1 4 2 2 6 5 2 1 0 0 0 1 2 3 2 2 2 0 0 0 1 2 3 1 2 3 0 0 0 1 2 3 1 1 2 3 1 2 1 2 5 3 2 3 4 5 1 1 2 1 1 3 3 2 1 4 2 2 6 
1 2 3 1 2 3 1 2 3 1 2 3 1 2 3 1 2 3 1 2 3 1 2 3 1 2 3 1 2 3 1 2 3 1 2 3 1 2 3 1 2 3 1 2 3 1 2 3 1 2 3 1 2 3 1 2 3 1 2 3 1 2 3 1 2 3 1 2 3 1 2 3 1 2 3 1 2 3 1 2 3 
3
30
0
1
10
200 300 400
60 30 10 0 0 0
80 10 10
1 1 1 1 1 1 1 1 1 1 1 1 1 1 1 1 1 1 1 1 1 1 1 1 1 1 1 1 1 1 0 0 0 1 1 1 1 1 1 0 0 0 1 1 1 1 1 1 0 0 0 1 1 1 1 1 1 1 1 1 1 1 1 1 1 1 1 1 1 1 1 1 1 1 1 1 1 1 1 1 1
1 1 2 3 1 2 1 2 5 3 2 3 4 5 1 1 2 1 1 3 3 2 1 4 2 2 6 5 2 1 0 0 0 1 2 3 2 2 2 0 0 0 1 2 3 1 2 3 0 0 0 1 2 3 1 1 2 3 1 2 1 2 5 3 2 3 4 5 1 1 2 1 1 3 3 2 1 4 2 2 6 
1 2 3 1 2 3 1 2 3 1 2 3 1 2 3 1 2 3 1 2 3 1 2 3 1 2 3 1 2 3 1 2 3 1 2 3 1 2 3 1 2 3 1 2 3 1 2 3 1 2 3 1 2 3 1 2 3 1 2 3 1 2 3 1 2 3 1 2 3 1 2 3 1 2 3 1 2 3 1 2 3 
4
20
0
12
15
200 300 400
60 30 10 0 0 0
80 10 10
1 1 1 1 1 1 1 1 1 1 1 1 1 1 1 1 1 1 1 1 1 1 1 1 1 1 1 1 1 2 0 0 0 1 1 1 1 1 1 0 0 0 1 1 1 1 1 1 0 0 0 1 2 1 1 1 1 1 1 1 1 1 1 1 1 1 1 1 1 1 1 1 1 1 1 1 1 1 1 1 1
1 1 2 3 1 2 1 2 5 3 2 6 4 5 1 1 6 1 1 3 4 2 1 4 2 2 6 5 2 1 0 0 0 1 2 3 2 2 2 0 0 0 1 2 3 1 2 3 0 0 0 1 2 3 1 1 2 3 1 2 1 2 5 3 2 3 4 5 1 1 2 1 1 3 3 2 1 4 2 2 6
1 2 3 1 2 3 1 2 3 1 2 3 1 2 3 1 2 3 1 2 3 1 2 3 1 2 3 1 2 3 1 2 3 1 2 3 1 2 3 1 2 3 1 2 3 1 2 3 1 2 3 1 2 3 1 2 3 1 2 3 1 2 3 1 2 3 1 2 3 1 2 3 1 2 3 1 2 3 1 2 3 
5
20
0
1
10
200 300 400
60 30 10 0 0 0
80 10 10
1 1 1 1 1 1 1 1 1 1 1 1 1 1 1 1 1 1 1 1 1 1 1 1 1 1 1 1 1 1 0 0 0 1 1 1 1 1 1 0 0 0 1 1 1 1 1 1 0 0 0 1 1 1 1 1 1 1 1 1 1 1 1 1 1 1 1 1 1 1 1 1 1 1 1 1 1 1 1 1 1
1 1 2 3 1 2 1 2 5 3 2 3 4 5 1 1 2 1 1 3 3 2 1 4 2 2 6 5 2 1 0 0 0 1 2 3 2 2 2 0 0 0 1 2 3 1 2 3 0 0 0 1 2 3 1 1 2 3 1 2 1 2 5 3 2 3 4 5 1 1 2 1 1 3 3 2 1 4 2 2 6 
1 2 3 1 2 3 1 2 3 1 2 3 1 2 3 1 2 3 1 2 3 1 2 3 1 2 3 1 2 3 1 2 3 1 2 3 1 2 3 1 2 3 1 2 3 1 2 3 1 2 3 1 2 3 1 2 3 1 2 3 1 2 3 1 2 3 1 2 3 1 2 3 1 2 3 1 2 3 1 2 3 
6
20
200
12
15
200 300 400
60 30 10 0 0 0
80 10 10
1 1 1 1 1 1 1 1 1 1 1 1 1 1 1 1 1 1 1 1 1 1 1 1 1 1 1 1 1 1 0 0 0 1 1 1 1 1 1 0 0 0 1 1 1 1 1 1 0 0 0 1 1 1 1 1 1 1 1 1 1 1 1 1 1 1 1 1 1 1 1 1 1 1 1 1 1 1 1 1 1
1 1 2 3 1 2 1 2 5 3 2 3 4 5 1 1 2 1 1 3 3 2 1 4 2 2 6 5 2 1 0 0 0 1 2 3 2 2 2 0 0 0 1 2 3 1 2 3 0 0 0 1 2 3 1 1 2 3 1 2 1 2 5 3 2 3 4 5 1 1 2 1 1 3 3 2 1 4 2 2 6 
1 2 3 1 2 3 1 2 3 1 2 3 1 2 3 1 2 3 1 2 3 1 2 3 1 2 3 1 2 3 1 2 3 1 2 3 1 2 3 1 2 3 1 2 3 1 2 3 1 2 3 1 2 3 1 2 3 1 2 3 1 2 3 1 2 3 1 2 3 1 2 3 1 2 3 1 2 3 1 2 3 
7
20
0
1
10
200 300 400
60 30 10 0 0 0
80 10 10
1 1 1 1 1 1 1 1 1 1 1 1 1 1 1 1 1 1 1 1 1 1 1 1 1 1 1 1 1 1 0 0 0 1 1 1 1 1 1 0 0 0 1 1 1 1 1 1 0 0 0 1 1 1 1 1 1 1 1 1 1 1 1 1 1 1 1 1 1 1 1 1 1 1 1 1 1 1 1 1 1
1 1 2 3 1 2 1 2 5 3 2 3 4 5 1 1 2 1 1 3 3 2 1 4 2 2 6 5 2 1 0 0 0 1 2 3 2 2 2 0 0 0 1 2 3 1 2 3 0 0 0 1 2 3 1 1 2 3 1 2 1 2 5 3 2 3 4 5 1 1 2 1 1 3 3 2 1 4 2 2 6 
1 2 3 1 2 3 1 2 3 1 2 3 1 2 3 1 2 3 1 2 3 1 2 3 1 2 3 1 2 3 1 2 3 1 2 3 1 2 3 1 2 3 1 2 3 1 2 3 1 2 3 1 2 3 1 2 3 1 2 3 1 2 3 1 2 3 1 2 3 1 2 3 1 2 3 1 2 3 1 2 3 
8
20
0
12
15
200 300 400
60 30 10 0 0 0
80 10 10
0 0 0 0 0 0 0 0 2 0 1 2 0 1 0 1 2 0 1 2 0 1 2 0 1 2 0 1 0 1 2 0 1 2 0 1 2 0 1 2 0 1 0 1 2 0 1 2 0 1 2 0 1 2 0 1 0 1 2 0 1 2 0 1 2 0 1 2 0 1 0 1 2 0 1 2 0 1 2 0 1
1 2 3 4 5 6 1 2 3 1 2 3 4 5 6 1 2 3 1 2 3 4 5 6 1 2 3 1 2 3 4 5 6 1 2 3 1 2 3 4 5 6 1 2 3 1 2 3 4 5 6 1 2 3 1 2 3 4 5 6 1 2 3 1 2 3 4 5 6 1 2 3 1 2 3 4 5 6 1 2 3 
1 2 3 1 2 3 1 2 3 1 2 3 1 2 3 1 2 3 1 2 3 1 2 3 1 2 3 1 2 3 1 2 3 1 2 3 1 2 3 1 2 3 1 2 3 1 2 3 1 2 3 1 2 3 1 2 3 1 2 3 1 2 3 1 2 3 1 2 3 1 2 3 1 2 3 1 2 3 1 2 3 
9
20
0
1
10
200 300 400
60 30 10 0 0 0
80 10 10
0 1 2 0 1 2 0 1 2 0 1 2 0 1 0 1 2 0 1 2 0 1 2 0 1 2 0 1 0 1 2 0 1 2 0 1 2 0 1 2 0 1 0 1 2 0 1 2 0 1 2 0 1 2 0 1 0 1 2 0 1 2 0 1 2 0 1 2 0 1 0 1 2 0 1 2 0 1 2 0 1
1 2 3 4 5 6 1 2 3 1 2 3 4 5 6 1 2 3 1 2 3 4 5 6 1 2 3 1 2 3 4 5 6 1 2 3 1 2 3 4 5 6 1 2 3 1 2 3 4 5 6 1 2 3 1 2 3 4 5 6 1 2 3 1 2 3 4 5 6 1 2 3 1 2 3 4 5 6 1 2 3 
1 2 3 1 2 3 1 2 3 1 2 3 1 2 3 1 2 3 1 2 3 1 2 3 1 2 3 1 2 3 1 2 3 1 2 3 1 2 3 1 2 3 1 2 3 1 2 3 1 2 3 1 2 3 1 2 3 1 2 3 1 2 3 1 2 3 1 2 3 1 2 3 1 2 3 1 2 3 1 2 3 
10
20
0
12
15
200 300 400
60 30 10 0 0 0
80 10 10
0 0 0 0 0 0 0 0 2 0 1 2 0 1 0 1 2 0 1 2 0 1 2 0 1 2 0 1 0 1 2 0 1 2 0 1 2 0 1 2 0 1 0 1 2 0 1 2 0 1 2 0 1 2 0 1 0 1 2 0 1 2 0 1 2 0 1 2 0 1 0 1 2 0 1 2 0 1 2 0 1
1 2 3 4 5 6 1 2 3 1 2 3 4 5 6 1 2 3 1 2 3 4 5 6 1 2 3 1 2 3 4 5 6 1 2 3 1 2 3 4 5 6 1 2 3 1 2 3 4 5 6 1 2 3 1 2 3 4 5 6 1 2 3 1 2 3 4 5 6 1 2 3 1 2 3 4 5 6 1 2 3 
1 2 3 1 2 3 1 2 3 1 2 3 1 2 3 1 2 3 1 2 3 1 2 3 1 2 3 1 2 3 1 2 3 1 2 3 1 2 3 1 2 3 1 2 3 1 2 3 1 2 3 1 2 3 1 2 3 1 2 3 1 2 3 1 2 3 1 2 3 1 2 3 1 2 3 1 2 3 1 2 3 
11
20
0
1
10
200 300 400
60 30 10 0 0 0
80 10 10
0 1 2 0 1 2 0 1 2 0 1 2 0 1 0 1 2 0 1 2 0 1 2 0 1 2 0 1 0 1 2 0 1 2 0 1 2 0 1 2 0 1 0 1 2 0 1 2 0 1 2 0 1 2 0 1 0 1 2 0 1 2 0 1 2 0 1 2 0 1 0 1 2 0 1 2 0 1 2 0 1
1 2 3 4 5 6 1 2 3 1 2 3 4 5 6 1 2 3 1 2 3 4 5 6 1 2 3 1 2 3 4 5 6 1 2 3 1 2 3 4 5 6 1 2 3 1 2 3 4 5 6 1 2 3 1 2 3 4 5 6 1 2 3 1 2 3 4 5 6 1 2 3 1 2 3 4 5 6 1 2 3 
1 2 3 1 2 3 1 2 3 1 2 3 1 2 3 1 2 3 1 2 3 1 2 3 1 2 3 1 2 3 1 2 3 1 2 3 1 2 3 1 2 3 1 2 3 1 2 3 1 2 3 1 2 3 1 2 3 1 2 3 1 2 3 1 2 3 1 2 3 1 2 3 1 2 3 1 2 3 1 2 3 
12
20
0
12
15
200 300 400
60 30 10 0 0 0
80 10 10
0 0 0 0 0 0 0 0 2 0 1 2 0 1 0 1 2 0 1 2 0 1 2 0 1 2 0 1 0 1 2 0 1 2 0 1 2 0 1 2 0 1 0 1 2 0 1 2 0 1 2 0 1 2 0 1 0 1 2 0 1 2 0 1 2 0 1 2 0 1 0 1 2 0 1 2 0 1 2 0 1
1 2 3 4 5 6 1 2 3 1 2 3 4 5 6 1 2 3 1 2 3 4 5 6 1 2 3 1 2 3 4 5 6 1 2 3 1 2 3 4 5 6 1 2 3 1 2 3 4 5 6 1 2 3 1 2 3 4 5 6 1 2 3 1 2 3 4 5 6 1 2 3 1 2 3 4 5 6 1 2 3 
1 2 3 1 2 3 1 2 3 1 2 3 1 2 3 1 2 3 1 2 3 1 2 3 1 2 3 1 2 3 1 2 3 1 2 3 1 2 3 1 2 3 1 2 3 1 2 3 1 2 3 1 2 3 1 2 3 1 2 3 1 2 3 1 2 3 1 2 3 1 2 3 1 2 3 1 2 3 1 2 3 
13
20
0
1
10
200 300 400
60 30 10 0 0 0
80 10 10
0 1 2 0 1 2 0 1 2 0 1 2 0 1 0 1 2 0 1 2 0 1 2 0 1 2 0 1 0 1 2 0 1 2 0 1 2 0 1 2 0 1 0 1 2 0 1 2 0 1 2 0 1 2 0 1 0 1 2 0 1 2 0 1 2 0 1 2 0 1 0 1 2 0 1 2 0 1 2 0 1
1 2 3 4 5 6 1 2 3 1 2 3 4 5 6 1 2 3 1 2 3 4 5 6 1 2 3 1 2 3 4 5 6 1 2 3 1 2 3 4 5 6 1 2 3 1 2 3 4 5 6 1 2 3 1 2 3 4 5 6 1 2 3 1 2 3 4 5 6 1 2 3 1 2 3 4 5 6 1 2 3 
1 2 3 1 2 3 1 2 3 1 2 3 1 2 3 1 2 3 1 2 3 1 2 3 1 2 3 1 2 3 1 2 3 1 2 3 1 2 3 1 2 3 1 2 3 1 2 3 1 2 3 1 2 3 1 2 3 1 2 3 1 2 3 1 2 3 1 2 3 1 2 3 1 2 3 1 2 3 1 2 3 
14
20
0
12
15
200 300 400
60 30 10 0 0 0
80 10 10
0 0 0 0 0 0 0 0 2 0 1 2 0 1 0 1 2 0 1 2 0 1 2 0 1 2 0 1 0 1 2 0 1 2 0 1 2 0 1 2 0 1 0 1 2 0 1 2 0 1 2 0 1 2 0 1 0 1 2 0 1 2 0 1 2 0 1 2 0 1 0 1 2 0 1 2 0 1 2 0 1
1 2 3 4 5 6 1 2 3 1 2 3 4 5 6 1 2 3 1 2 3 4 5 6 1 2 3 1 2 3 4 5 6 1 2 3 1 2 3 4 5 6 1 2 3 1 2 3 4 5 6 1 2 3 1 2 3 4 5 6 1 2 3 1 2 3 4 5 6 1 2 3 1 2 3 4 5 6 1 2 3 
1 2 3 1 2 3 1 2 3 1 2 3 1 2 3 1 2 3 1 2 3 1 2 3 1 2 3 1 2 3 1 2 3 1 2 3 1 2 3 1 2 3 1 2 3 1 2 3 1 2 3 1 2 3 1 2 3 1 2 3 1 2 3 1 2 3 1 2 3 1 2 3 1 2 3 1 2 3 1 2 3 
15
20
0
1
10
200 300 400
60 30 10 0 0 0
80 10 10
0 1 2 0 1 2 0 1 2 0 1 2 0 1 0 1 2 0 1 2 0 1 2 0 1 2 0 1 0 1 2 0 1 2 0 1 2 0 1 2 0 1 0 1 2 0 1 2 0 1 2 0 1 2 0 1 0 1 2 0 1 2 0 1 2 0 1 2 0 1 0 1 2 0 1 2 0 1 2 0 1
1 2 3 4 5 6 1 2 3 1 2 3 4 5 6 1 2 3 1 2 3 4 5 6 1 2 3 1 2 3 4 5 6 1 2 3 1 2 3 4 5 6 1 2 3 1 2 3 4 5 6 1 2 3 1 2 3 4 5 6 1 2 3 1 2 3 4 5 6 1 2 3 1 2 3 4 5 6 1 2 3 
1 2 3 1 2 3 1 2 3 1 2 3 1 2 3 1 2 3 1 2 3 1 2 3 1 2 3 1 2 3 1 2 3 1 2 3 1 2 3 1 2 3 1 2 3 1 2 3 1 2 3 1 2 3 1 2 3 1 2 3 1 2 3 1 2 3 1 2 3 1 2 3 1 2 3 1 2 3 1 2 3 
16
20
0
12
15
200 300 400
60 30 10 0 0 0
80 10 10
0 0 0 0 0 0 0 0 2 0 1 2 0 1 0 1 2 0 1 2 0 1 2 0 1 2 0 1 0 1 2 0 1 2 0 1 2 0 1 2 0 1 0 1 2 0 1 2 0 1 2 0 1 2 0 1 0 1 2 0 1 2 0 1 2 0 1 2 0 1 0 1 2 0 1 2 0 1 2 0 1
1 2 3 4 5 6 1 2 3 1 2 3 4 5 6 1 2 3 1 2 3 4 5 6 1 2 3 1 2 3 4 5 6 1 2 3 1 2 3 4 5 6 1 2 3 1 2 3 4 5 6 1 2 3 1 2 3 4 5 6 1 2 3 1 2 3 4 5 6 1 2 3 1 2 3 4 5 6 1 2 3 
1 2 3 1 2 3 1 2 3 1 2 3 1 2 3 1 2 3 1 2 3 1 2 3 1 2 3 1 2 3 1 2 3 1 2 3 1 2 3 1 2 3 1 2 3 1 2 3 1 2 3 1 2 3 1 2 3 1 2 3 1 2 3 1 2 3 1 2 3 1 2 3 1 2 3 1 2 3 1 2 3 
17
20
0
1
10
200 300 400
60 30 10 0 0 0
80 10 10
0 1 2 0 1 2 0 1 2 0 1 2 0 1 0 1 2 0 1 2 0 1 2 0 1 2 0 1 0 1 2 0 1 2 0 1 2 0 1 2 0 1 0 1 2 0 1 2 0 1 2 0 1 2 0 1 0 1 2 0 1 2 0 1 2 0 1 2 0 1 0 1 2 0 1 2 0 1 2 0 1
1 2 3 4 5 6 1 2 3 1 2 3 4 5 6 1 2 3 1 2 3 4 5 6 1 2 3 1 2 3 4 5 6 1 2 3 1 2 3 4 5 6 1 2 3 1 2 3 4 5 6 1 2 3 1 2 3 4 5 6 1 2 3 1 2 3 4 5 6 1 2 3 1 2 3 4 5 6 1 2 3 
1 2 3 1 2 3 1 2 3 1 2 3 1 2 3 1 2 3 1 2 3 1 2 3 1 2 3 1 2 3 1 2 3 1 2 3 1 2 3 1 2 3 1 2 3 1 2 3 1 2 3 1 2 3 1 2 3 1 2 3 1 2 3 1 2 3 1 2 3 1 2 3 1 2 3 1 2 3 1 2 3 
18
20
0
12
15
200 300 400
60 30 10 0 0 0
80 10 10
0 0 0 0 0 0 0 0 2 0 1 2 0 1 0 1 2 0 1 2 0 1 2 0 1 2 0 1 0 1 2 0 1 2 0 1 2 0 1 2 0 1 0 1 2 0 1 2 0 1 2 0 1 2 0 1 0 1 2 0 1 2 0 1 2 0 1 2 0 1 0 1 2 0 1 2 0 1 2 0 1
1 2 3 4 5 6 1 2 3 1 2 3 4 5 6 1 2 3 1 2 3 4 5 6 1 2 3 1 2 3 4 5 6 1 2 3 1 2 3 4 5 6 1 2 3 1 2 3 4 5 6 1 2 3 1 2 3 4 5 6 1 2 3 1 2 3 4 5 6 1 2 3 1 2 3 4 5 6 1 2 3 
1 2 3 1 2 3 1 2 3 1 2 3 1 2 3 1 2 3 1 2 3 1 2 3 1 2 3 1 2 3 1 2 3 1 2 3 1 2 3 1 2 3 1 2 3 1 2 3 1 2 3 1 2 3 1 2 3 1 2 3 1 2 3 1 2 3 1 2 3 1 2 3 1 2 3 1 2 3 1 2 3 
19
20
0
1
10
200 300 400
60 30 10 0 0 0
80 10 10
0 1 2 0 1 2 0 1 2 0 1 2 0 1 0 1 2 0 1 2 0 1 2 0 1 2 0 1 0 1 2 0 1 2 0 1 2 0 1 2 0 1 0 1 2 0 1 2 0 1 2 0 1 2 0 1 0 1 2 0 1 2 0 1 2 0 1 2 0 1 0 1 2 0 1 2 0 1 2 0 1
1 2 3 4 5 6 1 2 3 1 2 3 4 5 6 1 2 3 1 2 3 4 5 6 1 2 3 1 2 3 4 5 6 1 2 3 1 2 3 4 5 6 1 2 3 1 2 3 4 5 6 1 2 3 1 2 3 4 5 6 1 2 3 1 2 3 4 5 6 1 2 3 1 2 3 4 5 6 1 2 3 
1 2 3 1 2 3 1 2 3 1 2 3 1 2 3 1 2 3 1 2 3 1 2 3 1 2 3 1 2 3 1 2 3 1 2 3 1 2 3 1 2 3 1 2 3 1 2 3 1 2 3 1 2 3 1 2 3 1 2 3 1 2 3 1 2 3 1 2 3 1 2 3 1 2 3 1 2 3 1 2 3 
20
20
0
12
15
200 300 400
60 30 10 0 0 0
80 10 10
0 0 0 0 0 0 0 0 2 0 1 2 0 1 0 1 2 0 1 2 0 1 2 0 1 2 0 1 0 1 2 0 1 2 0 1 2 0 1 2 0 1 0 1 2 0 1 2 0 1 2 0 1 2 0 1 0 1 2 0 1 2 0 1 2 0 1 2 0 1 0 1 2 0 1 2 0 1 2 0 1
1 2 3 4 5 6 1 2 3 1 2 3 4 5 6 1 2 3 1 2 3 4 5 6 1 2 3 1 2 3 4 5 6 1 2 3 1 2 3 4 5 6 1 2 3 1 2 3 4 5 6 1 2 3 1 2 3 4 5 6 1 2 3 1 2 3 4 5 6 1 2 3 1 2 3 4 5 6 1 2 3 
1 2 3 1 2 3 1 2 3 1 2 3 1 2 3 1 2 3 1 2 3 1 2 3 1 2 3 1 2 3 1 2 3 1 2 3 1 2 3 1 2 3 1 2 3 1 2 3 1 2 3 1 2 3 1 2 3 1 2 3 1 2 3 1 2 3 1 2 3 1 2 3 1 2 3 1 2 3 1 2 3 