20
1
20
0
1
10
200 300 400
0 1 2 0 1 2 0 1 2 0 1 2 0 1 0 1 2 0 1 2 0 1 2 0 1 2 0 1 0 1 2 0 1 2 0 1 2 0 1 2 0 1 0 1 2 0 1 2 0 1 2 0 1 2 0 1 0 1 2 0 1 2 0 1 2 0 1 2 0 1 0 1 2 0 1 2 0 1 2 0 1
1 2 3 4 5 6 1 2 3 1 2 3 4 5 6 1 2 3 1 2 3 4 5 6 1 2 3 1 2 3 4 5 6 1 2 3 1 2 3 4 5 6 1 2 3 1 2 3 4 5 6 1 2 3 1 2 3 4 5 6 1 2 3 1 2 3 4 5 6 1 2 3 1 2 3 4 5 6 1 2 3 
1 2 3 1 2 3 1 2 3 1 2 3 1 2 3 1 2 3 1 2 3 1 2 3 1 2 3 1 2 3 1 2 3 1 2 3 1 2 3 1 2 3 1 2 3 1 2 3 1 2 3 1 2 3 1 2 3 1 2 3 1 2 3 1 2 3 1 2 3 1 2 3 1 2 3 1 2 3 1 2 3 
2
20
0
12
15
200 300 400
0 0 0 0 0 0 0 0 2 0 1 2 0 1 0 1 2 0 1 2 0 1 2 0 1 2 0 1 0 1 2 0 1 2 0 1 2 0 1 2 0 1 0 1 2 0 1 2 0 1 2 0 1 2 0 1 0 1 2 0 1 2 0 1 2 0 1 2 0 1 0 1 2 0 1 2 0 1 2 0 1
1 2 3 4 5 6 1 2 3 1 2 3 4 5 6 1 2 3 1 2 3 4 5 6 1 2 3 1 2 3 4 5 6 1 2 3 1 2 3 4 5 6 1 2 3 1 2 3 4 5 6 1 2 3 1 2 3 4 5 6 1 2 3 1 2 3 4 5 6 1 2 3 1 2 3 4 5 6 1 2 3 
1 2 3 1 2 3 1 2 3 1 2 3 1 2 3 1 2 3 1 2 3 1 2 3 1 2 3 1 2 3 1 2 3 1 2 3 1 2 3 1 2 3 1 2 3 1 2 3 1 2 3 1 2 3 1 2 3 1 2 3 1 2 3 1 2 3 1 2 3 1 2 3 1 2 3 1 2 3 1 2 3 
3
20
0
1
10
200 300 400
0 1 2 0 1 2 0 1 2 0 1 2 0 1 0 1 2 0 1 2 0 1 2 0 1 2 0 1 0 1 2 0 1 2 0 1 2 0 1 2 0 1 0 1 2 0 1 2 0 1 2 0 1 2 0 1 0 1 2 0 1 2 0 1 2 0 1 2 0 1 0 1 2 0 1 2 0 1 2 0 1
1 2 3 4 5 6 1 2 3 1 2 3 4 5 6 1 2 3 1 2 3 4 5 6 1 2 3 1 2 3 4 5 6 1 2 3 1 2 3 4 5 6 1 2 3 1 2 3 4 5 6 1 2 3 1 2 3 4 5 6 1 2 3 1 2 3 4 5 6 1 2 3 1 2 3 4 5 6 1 2 3 
1 2 3 1 2 3 1 2 3 1 2 3 1 2 3 1 2 3 1 2 3 1 2 3 1 2 3 1 2 3 1 2 3 1 2 3 1 2 3 1 2 3 1 2 3 1 2 3 1 2 3 1 2 3 1 2 3 1 2 3 1 2 3 1 2 3 1 2 3 1 2 3 1 2 3 1 2 3 1 2 3 
4
20
0
12
15
200 300 400
0 0 0 0 0 0 0 0 2 0 1 2 0 1 0 1 2 0 1 2 0 1 2 0 1 2 0 1 0 1 2 0 1 2 0 1 2 0 1 2 0 1 0 1 2 0 1 2 0 1 2 0 1 2 0 1 0 1 2 0 1 2 0 1 2 0 1 2 0 1 0 1 2 0 1 2 0 1 2 0 1
1 2 3 4 5 6 1 2 3 1 2 3 4 5 6 1 2 3 1 2 3 4 5 6 1 2 3 1 2 3 4 5 6 1 2 3 1 2 3 4 5 6 1 2 3 1 2 3 4 5 6 1 2 3 1 2 3 4 5 6 1 2 3 1 2 3 4 5 6 1 2 3 1 2 3 4 5 6 1 2 3 
1 2 3 1 2 3 1 2 3 1 2 3 1 2 3 1 2 3 1 2 3 1 2 3 1 2 3 1 2 3 1 2 3 1 2 3 1 2 3 1 2 3 1 2 3 1 2 3 1 2 3 1 2 3 1 2 3 1 2 3 1 2 3 1 2 3 1 2 3 1 2 3 1 2 3 1 2 3 1 2 3 
5
20
0
1
10
200 300 400
0 1 2 0 1 2 0 1 2 0 1 2 0 1 0 1 2 0 1 2 0 1 2 0 1 2 0 1 0 1 2 0 1 2 0 1 2 0 1 2 0 1 0 1 2 0 1 2 0 1 2 0 1 2 0 1 0 1 2 0 1 2 0 1 2 0 1 2 0 1 0 1 2 0 1 2 0 1 2 0 1
1 2 3 4 5 6 1 2 3 1 2 3 4 5 6 1 2 3 1 2 3 4 5 6 1 2 3 1 2 3 4 5 6 1 2 3 1 2 3 4 5 6 1 2 3 1 2 3 4 5 6 1 2 3 1 2 3 4 5 6 1 2 3 1 2 3 4 5 6 1 2 3 1 2 3 4 5 6 1 2 3 
1 2 3 1 2 3 1 2 3 1 2 3 1 2 3 1 2 3 1 2 3 1 2 3 1 2 3 1 2 3 1 2 3 1 2 3 1 2 3 1 2 3 1 2 3 1 2 3 1 2 3 1 2 3 1 2 3 1 2 3 1 2 3 1 2 3 1 2 3 1 2 3 1 2 3 1 2 3 1 2 3 
6
20
0
12
15
200 300 400
0 0 0 0 0 0 0 0 2 0 1 2 0 1 0 1 2 0 1 2 0 1 2 0 1 2 0 1 0 1 2 0 1 2 0 1 2 0 1 2 0 1 0 1 2 0 1 2 0 1 2 0 1 2 0 1 0 1 2 0 1 2 0 1 2 0 1 2 0 1 0 1 2 0 1 2 0 1 2 0 1
1 2 3 4 5 6 1 2 3 1 2 3 4 5 6 1 2 3 1 2 3 4 5 6 1 2 3 1 2 3 4 5 6 1 2 3 1 2 3 4 5 6 1 2 3 1 2 3 4 5 6 1 2 3 1 2 3 4 5 6 1 2 3 1 2 3 4 5 6 1 2 3 1 2 3 4 5 6 1 2 3 
1 2 3 1 2 3 1 2 3 1 2 3 1 2 3 1 2 3 1 2 3 1 2 3 1 2 3 1 2 3 1 2 3 1 2 3 1 2 3 1 2 3 1 2 3 1 2 3 1 2 3 1 2 3 1 2 3 1 2 3 1 2 3 1 2 3 1 2 3 1 2 3 1 2 3 1 2 3 1 2 3 
7
20
0
1
10
200 300 400
0 1 2 0 1 2 0 1 2 0 1 2 0 1 0 1 2 0 1 2 0 1 2 0 1 2 0 1 0 1 2 0 1 2 0 1 2 0 1 2 0 1 0 1 2 0 1 2 0 1 2 0 1 2 0 1 0 1 2 0 1 2 0 1 2 0 1 2 0 1 0 1 2 0 1 2 0 1 2 0 1
1 2 3 4 5 6 1 2 3 1 2 3 4 5 6 1 2 3 1 2 3 4 5 6 1 2 3 1 2 3 4 5 6 1 2 3 1 2 3 4 5 6 1 2 3 1 2 3 4 5 6 1 2 3 1 2 3 4 5 6 1 2 3 1 2 3 4 5 6 1 2 3 1 2 3 4 5 6 1 2 3 
1 2 3 1 2 3 1 2 3 1 2 3 1 2 3 1 2 3 1 2 3 1 2 3 1 2 3 1 2 3 1 2 3 1 2 3 1 2 3 1 2 3 1 2 3 1 2 3 1 2 3 1 2 3 1 2 3 1 2 3 1 2 3 1 2 3 1 2 3 1 2 3 1 2 3 1 2 3 1 2 3 
8
20
0
12
15
200 300 400
0 0 0 0 0 0 0 0 2 0 1 2 0 1 0 1 2 0 1 2 0 1 2 0 1 2 0 1 0 1 2 0 1 2 0 1 2 0 1 2 0 1 0 1 2 0 1 2 0 1 2 0 1 2 0 1 0 1 2 0 1 2 0 1 2 0 1 2 0 1 0 1 2 0 1 2 0 1 2 0 1
1 2 3 4 5 6 1 2 3 1 2 3 4 5 6 1 2 3 1 2 3 4 5 6 1 2 3 1 2 3 4 5 6 1 2 3 1 2 3 4 5 6 1 2 3 1 2 3 4 5 6 1 2 3 1 2 3 4 5 6 1 2 3 1 2 3 4 5 6 1 2 3 1 2 3 4 5 6 1 2 3 
1 2 3 1 2 3 1 2 3 1 2 3 1 2 3 1 2 3 1 2 3 1 2 3 1 2 3 1 2 3 1 2 3 1 2 3 1 2 3 1 2 3 1 2 3 1 2 3 1 2 3 1 2 3 1 2 3 1 2 3 1 2 3 1 2 3 1 2 3 1 2 3 1 2 3 1 2 3 1 2 3 
9
20
0
1
10
200 300 400
0 1 2 0 1 2 0 1 2 0 1 2 0 1 0 1 2 0 1 2 0 1 2 0 1 2 0 1 0 1 2 0 1 2 0 1 2 0 1 2 0 1 0 1 2 0 1 2 0 1 2 0 1 2 0 1 0 1 2 0 1 2 0 1 2 0 1 2 0 1 0 1 2 0 1 2 0 1 2 0 1
1 2 3 4 5 6 1 2 3 1 2 3 4 5 6 1 2 3 1 2 3 4 5 6 1 2 3 1 2 3 4 5 6 1 2 3 1 2 3 4 5 6 1 2 3 1 2 3 4 5 6 1 2 3 1 2 3 4 5 6 1 2 3 1 2 3 4 5 6 1 2 3 1 2 3 4 5 6 1 2 3 
1 2 3 1 2 3 1 2 3 1 2 3 1 2 3 1 2 3 1 2 3 1 2 3 1 2 3 1 2 3 1 2 3 1 2 3 1 2 3 1 2 3 1 2 3 1 2 3 1 2 3 1 2 3 1 2 3 1 2 3 1 2 3 1 2 3 1 2 3 1 2 3 1 2 3 1 2 3 1 2 3 
10
20
0
12
15
200 300 400
0 0 0 0 0 0 0 0 2 0 1 2 0 1 0 1 2 0 1 2 0 1 2 0 1 2 0 1 0 1 2 0 1 2 0 1 2 0 1 2 0 1 0 1 2 0 1 2 0 1 2 0 1 2 0 1 0 1 2 0 1 2 0 1 2 0 1 2 0 1 0 1 2 0 1 2 0 1 2 0 1
1 2 3 4 5 6 1 2 3 1 2 3 4 5 6 1 2 3 1 2 3 4 5 6 1 2 3 1 2 3 4 5 6 1 2 3 1 2 3 4 5 6 1 2 3 1 2 3 4 5 6 1 2 3 1 2 3 4 5 6 1 2 3 1 2 3 4 5 6 1 2 3 1 2 3 4 5 6 1 2 3 
1 2 3 1 2 3 1 2 3 1 2 3 1 2 3 1 2 3 1 2 3 1 2 3 1 2 3 1 2 3 1 2 3 1 2 3 1 2 3 1 2 3 1 2 3 1 2 3 1 2 3 1 2 3 1 2 3 1 2 3 1 2 3 1 2 3 1 2 3 1 2 3 1 2 3 1 2 3 1 2 3 
11
20
0
1
10
200 300 400
0 1 2 0 1 2 0 1 2 0 1 2 0 1 0 1 2 0 1 2 0 1 2 0 1 2 0 1 0 1 2 0 1 2 0 1 2 0 1 2 0 1 0 1 2 0 1 2 0 1 2 0 1 2 0 1 0 1 2 0 1 2 0 1 2 0 1 2 0 1 0 1 2 0 1 2 0 1 2 0 1
1 2 3 4 5 6 1 2 3 1 2 3 4 5 6 1 2 3 1 2 3 4 5 6 1 2 3 1 2 3 4 5 6 1 2 3 1 2 3 4 5 6 1 2 3 1 2 3 4 5 6 1 2 3 1 2 3 4 5 6 1 2 3 1 2 3 4 5 6 1 2 3 1 2 3 4 5 6 1 2 3 
1 2 3 1 2 3 1 2 3 1 2 3 1 2 3 1 2 3 1 2 3 1 2 3 1 2 3 1 2 3 1 2 3 1 2 3 1 2 3 1 2 3 1 2 3 1 2 3 1 2 3 1 2 3 1 2 3 1 2 3 1 2 3 1 2 3 1 2 3 1 2 3 1 2 3 1 2 3 1 2 3 
12
20
0
12
15
200 300 400
0 0 0 0 0 0 0 0 2 0 1 2 0 1 0 1 2 0 1 2 0 1 2 0 1 2 0 1 0 1 2 0 1 2 0 1 2 0 1 2 0 1 0 1 2 0 1 2 0 1 2 0 1 2 0 1 0 1 2 0 1 2 0 1 2 0 1 2 0 1 0 1 2 0 1 2 0 1 2 0 1
1 2 3 4 5 6 1 2 3 1 2 3 4 5 6 1 2 3 1 2 3 4 5 6 1 2 3 1 2 3 4 5 6 1 2 3 1 2 3 4 5 6 1 2 3 1 2 3 4 5 6 1 2 3 1 2 3 4 5 6 1 2 3 1 2 3 4 5 6 1 2 3 1 2 3 4 5 6 1 2 3 
1 2 3 1 2 3 1 2 3 1 2 3 1 2 3 1 2 3 1 2 3 1 2 3 1 2 3 1 2 3 1 2 3 1 2 3 1 2 3 1 2 3 1 2 3 1 2 3 1 2 3 1 2 3 1 2 3 1 2 3 1 2 3 1 2 3 1 2 3 1 2 3 1 2 3 1 2 3 1 2 3 
13
20
0
1
10
200 300 400
0 1 2 0 1 2 0 1 2 0 1 2 0 1 0 1 2 0 1 2 0 1 2 0 1 2 0 1 0 1 2 0 1 2 0 1 2 0 1 2 0 1 0 1 2 0 1 2 0 1 2 0 1 2 0 1 0 1 2 0 1 2 0 1 2 0 1 2 0 1 0 1 2 0 1 2 0 1 2 0 1
1 2 3 4 5 6 1 2 3 1 2 3 4 5 6 1 2 3 1 2 3 4 5 6 1 2 3 1 2 3 4 5 6 1 2 3 1 2 3 4 5 6 1 2 3 1 2 3 4 5 6 1 2 3 1 2 3 4 5 6 1 2 3 1 2 3 4 5 6 1 2 3 1 2 3 4 5 6 1 2 3 
1 2 3 1 2 3 1 2 3 1 2 3 1 2 3 1 2 3 1 2 3 1 2 3 1 2 3 1 2 3 1 2 3 1 2 3 1 2 3 1 2 3 1 2 3 1 2 3 1 2 3 1 2 3 1 2 3 1 2 3 1 2 3 1 2 3 1 2 3 1 2 3 1 2 3 1 2 3 1 2 3 
14
20
0
12
15
200 300 400
0 0 0 0 0 0 0 0 2 0 1 2 0 1 0 1 2 0 1 2 0 1 2 0 1 2 0 1 0 1 2 0 1 2 0 1 2 0 1 2 0 1 0 1 2 0 1 2 0 1 2 0 1 2 0 1 0 1 2 0 1 2 0 1 2 0 1 2 0 1 0 1 2 0 1 2 0 1 2 0 1
1 2 3 4 5 6 1 2 3 1 2 3 4 5 6 1 2 3 1 2 3 4 5 6 1 2 3 1 2 3 4 5 6 1 2 3 1 2 3 4 5 6 1 2 3 1 2 3 4 5 6 1 2 3 1 2 3 4 5 6 1 2 3 1 2 3 4 5 6 1 2 3 1 2 3 4 5 6 1 2 3 
1 2 3 1 2 3 1 2 3 1 2 3 1 2 3 1 2 3 1 2 3 1 2 3 1 2 3 1 2 3 1 2 3 1 2 3 1 2 3 1 2 3 1 2 3 1 2 3 1 2 3 1 2 3 1 2 3 1 2 3 1 2 3 1 2 3 1 2 3 1 2 3 1 2 3 1 2 3 1 2 3 
15
20
0
1
10
200 300 400
0 1 2 0 1 2 0 1 2 0 1 2 0 1 0 1 2 0 1 2 0 1 2 0 1 2 0 1 0 1 2 0 1 2 0 1 2 0 1 2 0 1 0 1 2 0 1 2 0 1 2 0 1 2 0 1 0 1 2 0 1 2 0 1 2 0 1 2 0 1 0 1 2 0 1 2 0 1 2 0 1
1 2 3 4 5 6 1 2 3 1 2 3 4 5 6 1 2 3 1 2 3 4 5 6 1 2 3 1 2 3 4 5 6 1 2 3 1 2 3 4 5 6 1 2 3 1 2 3 4 5 6 1 2 3 1 2 3 4 5 6 1 2 3 1 2 3 4 5 6 1 2 3 1 2 3 4 5 6 1 2 3 
1 2 3 1 2 3 1 2 3 1 2 3 1 2 3 1 2 3 1 2 3 1 2 3 1 2 3 1 2 3 1 2 3 1 2 3 1 2 3 1 2 3 1 2 3 1 2 3 1 2 3 1 2 3 1 2 3 1 2 3 1 2 3 1 2 3 1 2 3 1 2 3 1 2 3 1 2 3 1 2 3 
16
20
0
12
15
200 300 400
0 0 0 0 0 0 0 0 2 0 1 2 0 1 0 1 2 0 1 2 0 1 2 0 1 2 0 1 0 1 2 0 1 2 0 1 2 0 1 2 0 1 0 1 2 0 1 2 0 1 2 0 1 2 0 1 0 1 2 0 1 2 0 1 2 0 1 2 0 1 0 1 2 0 1 2 0 1 2 0 1
1 2 3 4 5 6 1 2 3 1 2 3 4 5 6 1 2 3 1 2 3 4 5 6 1 2 3 1 2 3 4 5 6 1 2 3 1 2 3 4 5 6 1 2 3 1 2 3 4 5 6 1 2 3 1 2 3 4 5 6 1 2 3 1 2 3 4 5 6 1 2 3 1 2 3 4 5 6 1 2 3 
1 2 3 1 2 3 1 2 3 1 2 3 1 2 3 1 2 3 1 2 3 1 2 3 1 2 3 1 2 3 1 2 3 1 2 3 1 2 3 1 2 3 1 2 3 1 2 3 1 2 3 1 2 3 1 2 3 1 2 3 1 2 3 1 2 3 1 2 3 1 2 3 1 2 3 1 2 3 1 2 3 
17
20
0
1
10
200 300 400
0 1 2 0 1 2 0 1 2 0 1 2 0 1 0 1 2 0 1 2 0 1 2 0 1 2 0 1 0 1 2 0 1 2 0 1 2 0 1 2 0 1 0 1 2 0 1 2 0 1 2 0 1 2 0 1 0 1 2 0 1 2 0 1 2 0 1 2 0 1 0 1 2 0 1 2 0 1 2 0 1
1 2 3 4 5 6 1 2 3 1 2 3 4 5 6 1 2 3 1 2 3 4 5 6 1 2 3 1 2 3 4 5 6 1 2 3 1 2 3 4 5 6 1 2 3 1 2 3 4 5 6 1 2 3 1 2 3 4 5 6 1 2 3 1 2 3 4 5 6 1 2 3 1 2 3 4 5 6 1 2 3 
1 2 3 1 2 3 1 2 3 1 2 3 1 2 3 1 2 3 1 2 3 1 2 3 1 2 3 1 2 3 1 2 3 1 2 3 1 2 3 1 2 3 1 2 3 1 2 3 1 2 3 1 2 3 1 2 3 1 2 3 1 2 3 1 2 3 1 2 3 1 2 3 1 2 3 1 2 3 1 2 3 
18
20
0
12
15
200 300 400
0 0 0 0 0 0 0 0 2 0 1 2 0 1 0 1 2 0 1 2 0 1 2 0 1 2 0 1 0 1 2 0 1 2 0 1 2 0 1 2 0 1 0 1 2 0 1 2 0 1 2 0 1 2 0 1 0 1 2 0 1 2 0 1 2 0 1 2 0 1 0 1 2 0 1 2 0 1 2 0 1
1 2 3 4 5 6 1 2 3 1 2 3 4 5 6 1 2 3 1 2 3 4 5 6 1 2 3 1 2 3 4 5 6 1 2 3 1 2 3 4 5 6 1 2 3 1 2 3 4 5 6 1 2 3 1 2 3 4 5 6 1 2 3 1 2 3 4 5 6 1 2 3 1 2 3 4 5 6 1 2 3 
1 2 3 1 2 3 1 2 3 1 2 3 1 2 3 1 2 3 1 2 3 1 2 3 1 2 3 1 2 3 1 2 3 1 2 3 1 2 3 1 2 3 1 2 3 1 2 3 1 2 3 1 2 3 1 2 3 1 2 3 1 2 3 1 2 3 1 2 3 1 2 3 1 2 3 1 2 3 1 2 3 
19
20
0
1
10
200 300 400
0 1 2 0 1 2 0 1 2 0 1 2 0 1 0 1 2 0 1 2 0 1 2 0 1 2 0 1 0 1 2 0 1 2 0 1 2 0 1 2 0 1 0 1 2 0 1 2 0 1 2 0 1 2 0 1 0 1 2 0 1 2 0 1 2 0 1 2 0 1 0 1 2 0 1 2 0 1 2 0 1
1 2 3 4 5 6 1 2 3 1 2 3 4 5 6 1 2 3 1 2 3 4 5 6 1 2 3 1 2 3 4 5 6 1 2 3 1 2 3 4 5 6 1 2 3 1 2 3 4 5 6 1 2 3 1 2 3 4 5 6 1 2 3 1 2 3 4 5 6 1 2 3 1 2 3 4 5 6 1 2 3 
1 2 3 1 2 3 1 2 3 1 2 3 1 2 3 1 2 3 1 2 3 1 2 3 1 2 3 1 2 3 1 2 3 1 2 3 1 2 3 1 2 3 1 2 3 1 2 3 1 2 3 1 2 3 1 2 3 1 2 3 1 2 3 1 2 3 1 2 3 1 2 3 1 2 3 1 2 3 1 2 3 
20
20
0
12
15
200 300 400
0 0 0 0 0 0 0 0 2 0 1 2 0 1 0 1 2 0 1 2 0 1 2 0 1 2 0 1 0 1 2 0 1 2 0 1 2 0 1 2 0 1 0 1 2 0 1 2 0 1 2 0 1 2 0 1 0 1 2 0 1 2 0 1 2 0 1 2 0 1 0 1 2 0 1 2 0 1 2 0 1
1 2 3 4 5 6 1 2 3 1 2 3 4 5 6 1 2 3 1 2 3 4 5 6 1 2 3 1 2 3 4 5 6 1 2 3 1 2 3 4 5 6 1 2 3 1 2 3 4 5 6 1 2 3 1 2 3 4 5 6 1 2 3 1 2 3 4 5 6 1 2 3 1 2 3 4 5 6 1 2 3 
1 2 3 1 2 3 1 2 3 1 2 3 1 2 3 1 2 3 1 2 3 1 2 3 1 2 3 1 2 3 1 2 3 1 2 3 1 2 3 1 2 3 1 2 3 1 2 3 1 2 3 1 2 3 1 2 3 1 2 3 1 2 3 1 2 3 1 2 3 1 2 3 1 2 3 1 2 3 1 2 3 