20
1
2
2
2
2
200 300 400
10 20 30 40 0 0
50 50 0
1 1 1 1 1 1 1 1 1 1 0 1 1 1 1 1 1 1 1 1 1 1 1 1 1 1 1 1 1 1 1 1 1 1 1 1 1 1 1 1 1 1 1 1 1 1 1 1 1 1 1 1 1 1 1 1 1 1 1 1 1 1 1 1 1 1 1 1 1 1 1 1 1 1 1 1 1 1 1 1 1 
4 2 1 3 2 4 4 4 4 4 0 4 3 3 4 4 4 4 4 4 1 4 4 4 4 3 4 1 2 4 6 3 4 4 3 3 2 2 4 3 2 2 3 4 3 3 4 3 3 3 3 4 3 2 3 4 3 4 4 4 2 2 3 3 3 3 4 4 3 2 3 2 4 1 2 4 4 3 4 2 1 
1 1 2 2 2 2 2 1 1 2 1 1 2 2 2 1 2 1 2 2 1 2 2 2 2 1 2 1 2 2 2 1 1 1 1 1 2 2 1 1 2 1 1 1 2 1 1 2 1 2 1 1 1 1 2 2 2 2 2 1 1 2 2 2 1 1 2 1 1 2 2 2 1 1 2 2 2 1 2 2 1 
1
2
2
2
2
200 300 400
10 20 30 40 0 0
50 50 0
1 1 1 1 1 1 1 1 1 1 0 1 1 1 1 1 1 1 1 1 1 1 1 1 1 1 1 1 1 1 1 1 1 1 1 1 1 1 1 1 1 1 1 1 1 1 1 1 1 1 1 1 1 1 1 1 1 1 1 1 1 1 1 1 1 1 1 1 1 1 1 1 1 1 1 1 1 1 1 1 1 
4 2 1 3 2 4 4 4 4 4 0 4 3 3 4 4 4 4 4 4 1 4 4 4 4 3 4 1 2 4 6 3 4 4 3 3 2 2 4 3 2 2 3 4 3 3 4 3 3 3 3 4 3 2 3 4 3 4 4 4 2 2 3 3 3 3 4 4 3 2 3 2 4 1 2 4 4 3 4 2 1 
1 1 2 2 2 2 2 1 1 2 1 1 2 2 2 1 2 1 2 2 1 2 2 2 2 1 2 1 2 2 2 1 1 1 1 1 2 2 1 1 2 1 1 1 2 1 1 2 1 2 1 1 1 1 2 2 2 2 2 1 1 2 2 2 1 1 2 1 1 2 2 2 1 1 2 2 2 1 2 2 1 
1
2
2
2
2
200 300 400
10 20 30 40 0 0
50 50 0
1 1 1 1 1 1 1 1 1 1 0 1 1 1 1 1 1 1 1 1 1 1 1 1 1 1 1 1 1 1 1 1 1 1 1 1 1 1 1 1 1 1 1 1 1 1 1 1 1 1 1 1 1 1 1 1 1 1 1 1 1 1 1 1 1 1 1 1 1 1 1 1 1 1 1 1 1 1 1 1 1 
4 2 1 3 2 4 4 4 4 4 0 4 3 3 4 4 4 4 4 4 1 4 4 4 4 3 4 1 2 4 6 3 4 4 3 3 2 2 4 3 2 2 3 4 3 3 4 3 3 3 3 4 3 2 3 4 3 4 4 4 2 2 3 3 3 3 4 4 3 2 3 2 4 1 2 4 4 3 4 2 1 
1 1 2 2 2 2 2 1 1 2 1 1 2 2 2 1 2 1 2 2 1 2 2 2 2 1 2 1 2 2 2 1 1 1 1 1 2 2 1 1 2 1 1 1 2 1 1 2 1 2 1 1 1 1 2 2 2 2 2 1 1 2 2 2 1 1 2 1 1 2 2 2 1 1 2 2 2 1 2 2 1 
1
2
2
2
2
200 300 400
10 20 30 40 0 0
50 50 0
1 1 1 1 1 1 1 1 1 1 0 1 1 1 1 1 1 1 1 1 1 1 1 1 1 1 1 1 1 1 1 1 1 1 1 1 1 1 1 1 1 1 1 1 1 1 1 1 1 1 1 1 1 1 1 1 1 1 1 1 1 1 1 1 1 1 1 1 1 1 1 1 1 1 1 1 1 1 1 1 1 
4 2 1 3 2 4 4 4 4 4 0 4 3 3 4 4 4 4 4 4 1 4 4 4 4 3 4 1 2 4 6 3 4 4 3 3 2 2 4 3 2 2 3 4 3 3 4 3 3 3 3 4 3 2 3 4 3 4 4 4 2 2 3 3 3 3 4 4 3 2 3 2 4 1 2 4 4 3 4 2 1 
1 1 2 2 2 2 2 1 1 2 1 1 2 2 2 1 2 1 2 2 1 2 2 2 2 1 2 1 2 2 2 1 1 1 1 1 2 2 1 1 2 1 1 1 2 1 1 2 1 2 1 1 1 1 2 2 2 2 2 1 1 2 2 2 1 1 2 1 1 2 2 2 1 1 2 2 2 1 2 2 1 
1
2
2
2
2
200 300 400
10 20 30 40 0 0
50 50 0
1 1 1 1 1 1 1 1 1 1 0 1 1 1 1 1 1 1 1 1 1 1 1 1 1 1 1 1 1 1 1 1 1 1 1 1 1 1 1 1 1 1 1 1 1 1 1 1 1 1 1 1 1 1 1 1 1 1 1 1 1 1 1 1 1 1 1 1 1 1 1 1 1 1 1 1 1 1 1 1 1 
4 2 1 3 2 4 4 4 4 4 0 4 3 3 4 4 4 4 4 4 1 4 4 4 4 3 4 1 2 4 6 3 4 4 3 3 2 2 4 3 2 2 3 4 3 3 4 3 3 3 3 4 3 2 3 4 3 4 4 4 2 2 3 3 3 3 4 4 3 2 3 2 4 1 2 4 4 3 4 2 1 
1 1 2 2 2 2 2 1 1 2 1 1 2 2 2 1 2 1 2 2 1 2 2 2 2 1 2 1 2 2 2 1 1 1 1 1 2 2 1 1 2 1 1 1 2 1 1 2 1 2 1 1 1 1 2 2 2 2 2 1 1 2 2 2 1 1 2 1 1 2 2 2 1 1 2 2 2 1 2 2 1 
1
2
2
2
2
200 300 400
10 20 30 40 0 0
50 50 0
1 1 1 1 1 1 1 1 1 1 0 1 1 1 1 1 1 1 1 1 1 1 1 1 1 1 1 1 1 1 1 1 1 1 1 1 1 1 1 1 1 1 1 1 1 1 1 1 1 1 1 1 1 1 1 1 1 1 1 1 1 1 1 1 1 1 1 1 1 1 1 1 1 1 1 1 1 1 1 1 1 
4 2 1 3 2 4 4 4 4 4 0 4 3 3 4 4 4 4 4 4 1 4 4 4 4 3 4 1 2 4 6 3 4 4 3 3 2 2 4 3 2 2 3 4 3 3 4 3 3 3 3 4 3 2 3 4 3 4 4 4 2 2 3 3 3 3 4 4 3 2 3 2 4 1 2 4 4 3 4 2 1 
1 1 2 2 2 2 2 1 1 2 1 1 2 2 2 1 2 1 2 2 1 2 2 2 2 1 2 1 2 2 2 1 1 1 1 1 2 2 1 1 2 1 1 1 2 1 1 2 1 2 1 1 1 1 2 2 2 2 2 1 1 2 2 2 1 1 2 1 1 2 2 2 1 1 2 2 2 1 2 2 1 
1
2
2
2
2
200 300 400
10 20 30 40 0 0
50 50 0
1 1 1 1 1 1 1 1 1 1 0 1 1 1 1 1 1 1 1 1 1 1 1 1 1 1 1 1 1 1 1 1 1 1 1 1 1 1 1 1 1 1 1 1 1 1 1 1 1 1 1 1 1 1 1 1 1 1 1 1 1 1 1 1 1 1 1 1 1 1 1 1 1 1 1 1 1 1 1 1 1 
4 2 1 3 2 4 4 4 4 4 0 4 3 3 4 4 4 4 4 4 1 4 4 4 4 3 4 1 2 4 6 3 4 4 3 3 2 2 4 3 2 2 3 4 3 3 4 3 3 3 3 4 3 2 3 4 3 4 4 4 2 2 3 3 3 3 4 4 3 2 3 2 4 1 2 4 4 3 4 2 1 
1 1 2 2 2 2 2 1 1 2 1 1 2 2 2 1 2 1 2 2 1 2 2 2 2 1 2 1 2 2 2 1 1 1 1 1 2 2 1 1 2 1 1 1 2 1 1 2 1 2 1 1 1 1 2 2 2 2 2 1 1 2 2 2 1 1 2 1 1 2 2 2 1 1 2 2 2 1 2 2 1 
1
2
2
2
2
200 300 400
10 20 30 40 0 0
50 50 0
1 1 1 1 1 1 1 1 1 1 0 1 1 1 1 1 1 1 1 1 1 1 1 1 1 1 1 1 1 1 1 1 1 1 1 1 1 1 1 1 1 1 1 1 1 1 1 1 1 1 1 1 1 1 1 1 1 1 1 1 1 1 1 1 1 1 1 1 1 1 1 1 1 1 1 1 1 1 1 1 1 
4 2 1 3 2 4 4 4 4 4 0 4 3 3 4 4 4 4 4 4 1 4 4 4 4 3 4 1 2 4 6 3 4 4 3 3 2 2 4 3 2 2 3 4 3 3 4 3 3 3 3 4 3 2 3 4 3 4 4 4 2 2 3 3 3 3 4 4 3 2 3 2 4 1 2 4 4 3 4 2 1 
1 1 2 2 2 2 2 1 1 2 1 1 2 2 2 1 2 1 2 2 1 2 2 2 2 1 2 1 2 2 2 1 1 1 1 1 2 2 1 1 2 1 1 1 2 1 1 2 1 2 1 1 1 1 2 2 2 2 2 1 1 2 2 2 1 1 2 1 1 2 2 2 1 1 2 2 2 1 2 2 1 
1
2
2
2
2
200 300 400
10 20 30 40 0 0
50 50 0
1 1 1 1 1 1 1 1 1 1 0 1 1 1 1 1 1 1 1 1 1 1 1 1 1 1 1 1 1 1 1 1 1 1 1 1 1 1 1 1 1 1 1 1 1 1 1 1 1 1 1 1 1 1 1 1 1 1 1 1 1 1 1 1 1 1 1 1 1 1 1 1 1 1 1 1 1 1 1 1 1 
4 2 1 3 2 4 4 4 4 4 0 4 3 3 4 4 4 4 4 4 1 4 4 4 4 3 4 1 2 4 6 3 4 4 3 3 2 2 4 3 2 2 3 4 3 3 4 3 3 3 3 4 3 2 3 4 3 4 4 4 2 2 3 3 3 3 4 4 3 2 3 2 4 1 2 4 4 3 4 2 1 
1 1 2 2 2 2 2 1 1 2 1 1 2 2 2 1 2 1 2 2 1 2 2 2 2 1 2 1 2 2 2 1 1 1 1 1 2 2 1 1 2 1 1 1 2 1 1 2 1 2 1 1 1 1 2 2 2 2 2 1 1 2 2 2 1 1 2 1 1 2 2 2 1 1 2 2 2 1 2 2 1 
1
2
2
2
2
200 300 400
10 20 30 40 0 0
50 50 0
1 1 1 1 1 1 1 1 1 1 0 1 1 1 1 1 1 1 1 1 1 1 1 1 1 1 1 1 1 1 1 1 1 1 1 1 1 1 1 1 1 1 1 1 1 1 1 1 1 1 1 1 1 1 1 1 1 1 1 1 1 1 1 1 1 1 1 1 1 1 1 1 1 1 1 1 1 1 1 1 1 
4 2 1 3 2 4 4 4 4 4 0 4 3 3 4 4 4 4 4 4 1 4 4 4 4 3 4 1 2 4 6 3 4 4 3 3 2 2 4 3 2 2 3 4 3 3 4 3 3 3 3 4 3 2 3 4 3 4 4 4 2 2 3 3 3 3 4 4 3 2 3 2 4 1 2 4 4 3 4 2 1 
1 1 2 2 2 2 2 1 1 2 1 1 2 2 2 1 2 1 2 2 1 2 2 2 2 1 2 1 2 2 2 1 1 1 1 1 2 2 1 1 2 1 1 1 2 1 1 2 1 2 1 1 1 1 2 2 2 2 2 1 1 2 2 2 1 1 2 1 1 2 2 2 1 1 2 2 2 1 2 2 1 
1
2
2
2
2
200 300 400
10 20 30 40 0 0
50 50 0
1 1 1 1 1 1 1 1 1 1 0 1 1 1 1 1 1 1 1 1 1 1 1 1 1 1 1 1 1 1 1 1 1 1 1 1 1 1 1 1 1 1 1 1 1 1 1 1 1 1 1 1 1 1 1 1 1 1 1 1 1 1 1 1 1 1 1 1 1 1 1 1 1 1 1 1 1 1 1 1 1 
4 2 1 3 2 4 4 4 4 4 0 4 3 3 4 4 4 4 4 4 1 4 4 4 4 3 4 1 2 4 6 3 4 4 3 3 2 2 4 3 2 2 3 4 3 3 4 3 3 3 3 4 3 2 3 4 3 4 4 4 2 2 3 3 3 3 4 4 3 2 3 2 4 1 2 4 4 3 4 2 1 
1 1 2 2 2 2 2 1 1 2 1 1 2 2 2 1 2 1 2 2 1 2 2 2 2 1 2 1 2 2 2 1 1 1 1 1 2 2 1 1 2 1 1 1 2 1 1 2 1 2 1 1 1 1 2 2 2 2 2 1 1 2 2 2 1 1 2 1 1 2 2 2 1 1 2 2 2 1 2 2 1 
1
2
2
2
2
200 300 400
10 20 30 40 0 0
50 50 0
1 1 1 1 1 1 1 1 1 1 0 1 1 1 1 1 1 1 1 1 1 1 1 1 1 1 1 1 1 1 1 1 1 1 1 1 1 1 1 1 1 1 1 1 1 1 1 1 1 1 1 1 1 1 1 1 1 1 1 1 1 1 1 1 1 1 1 1 1 1 1 1 1 1 1 1 1 1 1 1 1 
4 2 1 3 2 4 4 4 4 4 0 4 3 3 4 4 4 4 4 4 1 4 4 4 4 3 4 1 2 4 6 3 4 4 3 3 2 2 4 3 2 2 3 4 3 3 4 3 3 3 3 4 3 2 3 4 3 4 4 4 2 2 3 3 3 3 4 4 3 2 3 2 4 1 2 4 4 3 4 2 1 
1 1 2 2 2 2 2 1 1 2 1 1 2 2 2 1 2 1 2 2 1 2 2 2 2 1 2 1 2 2 2 1 1 1 1 1 2 2 1 1 2 1 1 1 2 1 1 2 1 2 1 1 1 1 2 2 2 2 2 1 1 2 2 2 1 1 2 1 1 2 2 2 1 1 2 2 2 1 2 2 1 
1
2
2
2
2
200 300 400
10 20 30 40 0 0
50 50 0
1 1 1 1 1 1 1 1 1 1 0 1 1 1 1 1 1 1 1 1 1 1 1 1 1 1 1 1 1 1 1 1 1 1 1 1 1 1 1 1 1 1 1 1 1 1 1 1 1 1 1 1 1 1 1 1 1 1 1 1 1 1 1 1 1 1 1 1 1 1 1 1 1 1 1 1 1 1 1 1 1 
4 2 1 3 2 4 4 4 4 4 0 4 3 3 4 4 4 4 4 4 1 4 4 4 4 3 4 1 2 4 6 3 4 4 3 3 2 2 4 3 2 2 3 4 3 3 4 3 3 3 3 4 3 2 3 4 3 4 4 4 2 2 3 3 3 3 4 4 3 2 3 2 4 1 2 4 4 3 4 2 1 
1 1 2 2 2 2 2 1 1 2 1 1 2 2 2 1 2 1 2 2 1 2 2 2 2 1 2 1 2 2 2 1 1 1 1 1 2 2 1 1 2 1 1 1 2 1 1 2 1 2 1 1 1 1 2 2 2 2 2 1 1 2 2 2 1 1 2 1 1 2 2 2 1 1 2 2 2 1 2 2 1 
1
2
2
2
2
200 300 400
10 20 30 40 0 0
50 50 0
1 1 1 1 1 1 1 1 1 1 0 1 1 1 1 1 1 1 1 1 1 1 1 1 1 1 1 1 1 1 1 1 1 1 1 1 1 1 1 1 1 1 1 1 1 1 1 1 1 1 1 1 1 1 1 1 1 1 1 1 1 1 1 1 1 1 1 1 1 1 1 1 1 1 1 1 1 1 1 1 1 
4 2 1 3 2 4 4 4 4 4 0 4 3 3 4 4 4 4 4 4 1 4 4 4 4 3 4 1 2 4 6 3 4 4 3 3 2 2 4 3 2 2 3 4 3 3 4 3 3 3 3 4 3 2 3 4 3 4 4 4 2 2 3 3 3 3 4 4 3 2 3 2 4 1 2 4 4 3 4 2 1 
1 1 2 2 2 2 2 1 1 2 1 1 2 2 2 1 2 1 2 2 1 2 2 2 2 1 2 1 2 2 2 1 1 1 1 1 2 2 1 1 2 1 1 1 2 1 1 2 1 2 1 1 1 1 2 2 2 2 2 1 1 2 2 2 1 1 2 1 1 2 2 2 1 1 2 2 2 1 2 2 1 
1
2
2
2
2
200 300 400
10 20 30 40 0 0
50 50 0
1 1 1 1 1 1 1 1 1 1 0 1 1 1 1 1 1 1 1 1 1 1 1 1 1 1 1 1 1 1 1 1 1 1 1 1 1 1 1 1 1 1 1 1 1 1 1 1 1 1 1 1 1 1 1 1 1 1 1 1 1 1 1 1 1 1 1 1 1 1 1 1 1 1 1 1 1 1 1 1 1 
4 2 1 3 2 4 4 4 4 4 0 4 3 3 4 4 4 4 4 4 1 4 4 4 4 3 4 1 2 4 6 3 4 4 3 3 2 2 4 3 2 2 3 4 3 3 4 3 3 3 3 4 3 2 3 4 3 4 4 4 2 2 3 3 3 3 4 4 3 2 3 2 4 1 2 4 4 3 4 2 1 
1 1 2 2 2 2 2 1 1 2 1 1 2 2 2 1 2 1 2 2 1 2 2 2 2 1 2 1 2 2 2 1 1 1 1 1 2 2 1 1 2 1 1 1 2 1 1 2 1 2 1 1 1 1 2 2 2 2 2 1 1 2 2 2 1 1 2 1 1 2 2 2 1 1 2 2 2 1 2 2 1 
1
2
2
2
2
200 300 400
10 20 30 40 0 0
50 50 0
1 1 1 1 1 1 1 1 1 1 0 1 1 1 1 1 1 1 1 1 1 1 1 1 1 1 1 1 1 1 1 1 1 1 1 1 1 1 1 1 1 1 1 1 1 1 1 1 1 1 1 1 1 1 1 1 1 1 1 1 1 1 1 1 1 1 1 1 1 1 1 1 1 1 1 1 1 1 1 1 1 
4 2 1 3 2 4 4 4 4 4 0 4 3 3 4 4 4 4 4 4 1 4 4 4 4 3 4 1 2 4 6 3 4 4 3 3 2 2 4 3 2 2 3 4 3 3 4 3 3 3 3 4 3 2 3 4 3 4 4 4 2 2 3 3 3 3 4 4 3 2 3 2 4 1 2 4 4 3 4 2 1 
1 1 2 2 2 2 2 1 1 2 1 1 2 2 2 1 2 1 2 2 1 2 2 2 2 1 2 1 2 2 2 1 1 1 1 1 2 2 1 1 2 1 1 1 2 1 1 2 1 2 1 1 1 1 2 2 2 2 2 1 1 2 2 2 1 1 2 1 1 2 2 2 1 1 2 2 2 1 2 2 1 
1
2
2
2
2
200 300 400
10 20 30 40 0 0
50 50 0
1 1 1 1 1 1 1 1 1 1 0 1 1 1 1 1 1 1 1 1 1 1 1 1 1 1 1 1 1 1 1 1 1 1 1 1 1 1 1 1 1 1 1 1 1 1 1 1 1 1 1 1 1 1 1 1 1 1 1 1 1 1 1 1 1 1 1 1 1 1 1 1 1 1 1 1 1 1 1 1 1 
4 2 1 3 2 4 4 4 4 4 0 4 3 3 4 4 4 4 4 4 1 4 4 4 4 3 4 1 2 4 6 3 4 4 3 3 2 2 4 3 2 2 3 4 3 3 4 3 3 3 3 4 3 2 3 4 3 4 4 4 2 2 3 3 3 3 4 4 3 2 3 2 4 1 2 4 4 3 4 2 1 
1 1 2 2 2 2 2 1 1 2 1 1 2 2 2 1 2 1 2 2 1 2 2 2 2 1 2 1 2 2 2 1 1 1 1 1 2 2 1 1 2 1 1 1 2 1 1 2 1 2 1 1 1 1 2 2 2 2 2 1 1 2 2 2 1 1 2 1 1 2 2 2 1 1 2 2 2 1 2 2 1 
1
2
2
2
2
200 300 400
10 20 30 40 0 0
50 50 0
1 1 1 1 1 1 1 1 1 1 0 1 1 1 1 1 1 1 1 1 1 1 1 1 1 1 1 1 1 1 1 1 1 1 1 1 1 1 1 1 1 1 1 1 1 1 1 1 1 1 1 1 1 1 1 1 1 1 1 1 1 1 1 1 1 1 1 1 1 1 1 1 1 1 1 1 1 1 1 1 1 
4 2 1 3 2 4 4 4 4 4 0 4 3 3 4 4 4 4 4 4 1 4 4 4 4 3 4 1 2 4 6 3 4 4 3 3 2 2 4 3 2 2 3 4 3 3 4 3 3 3 3 4 3 2 3 4 3 4 4 4 2 2 3 3 3 3 4 4 3 2 3 2 4 1 2 4 4 3 4 2 1 
1 1 2 2 2 2 2 1 1 2 1 1 2 2 2 1 2 1 2 2 1 2 2 2 2 1 2 1 2 2 2 1 1 1 1 1 2 2 1 1 2 1 1 1 2 1 1 2 1 2 1 1 1 1 2 2 2 2 2 1 1 2 2 2 1 1 2 1 1 2 2 2 1 1 2 2 2 1 2 2 1 
1
2
2
2
2
200 300 400
10 20 30 40 0 0
50 50 0
1 1 1 1 1 1 1 1 1 1 0 1 1 1 1 1 1 1 1 1 1 1 1 1 1 1 1 1 1 1 1 1 1 1 1 1 1 1 1 1 1 1 1 1 1 1 1 1 1 1 1 1 1 1 1 1 1 1 1 1 1 1 1 1 1 1 1 1 1 1 1 1 1 1 1 1 1 1 1 1 1 
4 2 1 3 2 4 4 4 4 4 0 4 3 3 4 4 4 4 4 4 1 4 4 4 4 3 4 1 2 4 6 3 4 4 3 3 2 2 4 3 2 2 3 4 3 3 4 3 3 3 3 4 3 2 3 4 3 4 4 4 2 2 3 3 3 3 4 4 3 2 3 2 4 1 2 4 4 3 4 2 1 
1 1 2 2 2 2 2 1 1 2 1 1 2 2 2 1 2 1 2 2 1 2 2 2 2 1 2 1 2 2 2 1 1 1 1 1 2 2 1 1 2 1 1 1 2 1 1 2 1 2 1 1 1 1 2 2 2 2 2 1 1 2 2 2 1 1 2 1 1 2 2 2 1 1 2 2 2 1 2 2 1 
1
2
2
2
2
200 300 400
10 20 30 40 0 0
50 50 0
1 1 1 1 1 1 1 1 1 1 0 1 1 1 1 1 1 1 1 1 1 1 1 1 1 1 1 1 1 1 1 1 1 1 1 1 1 1 1 1 1 1 1 1 1 1 1 1 1 1 1 1 1 1 1 1 1 1 1 1 1 1 1 1 1 1 1 1 1 1 1 1 1 1 1 1 1 1 1 1 1 
4 2 1 3 2 4 4 4 4 4 0 4 3 3 4 4 4 4 4 4 1 4 4 4 4 3 4 1 2 4 6 3 4 4 3 3 2 2 4 3 2 2 3 4 3 3 4 3 3 3 3 4 3 2 3 4 3 4 4 4 2 2 3 3 3 3 4 4 3 2 3 2 4 1 2 4 4 3 4 2 1 
1 1 2 2 2 2 2 1 1 2 1 1 2 2 2 1 2 1 2 2 1 2 2 2 2 1 2 1 2 2 2 1 1 1 1 1 2 2 1 1 2 1 1 1 2 1 1 2 1 2 1 1 1 1 2 2 2 2 2 1 1 2 2 2 1 1 2 1 1 2 2 2 1 1 2 2 2 1 2 2 1 
