20
4
1
0
0
0
0 0 0
<<<<<<< HEAD
20 20 20 20 20 0
100 0 0
0 1 1 1 1 1 1 1 1 1 1 1 1 1 1 1 1 1 1 1 1 1 1 1 1 1 1 1 1 1 1 1 1 1 1 1 1 1 1 1 1 1 1 1 1 1 1 1 1 1 1 1 1 1 1 1 1 1 1 1 1 1 1 1 1 1 1 1 1 1 1 1 1 1 1 1 1 1 1 1 1 
0 2 3 1 3 5 5 2 3 5 4 1 4 5 4 2 1 3 2 5 6 5 1 2 5 1 4 5 3 5 5 4 5 4 3 2 4 5 2 1 1 2 4 2 5 1 3 3 2 2 5 1 3 1 3 3 3 4 5 5 5 3 5 4 5 2 5 1 4 2 3 5 3 1 4 1 1 3 3 1 3 
1 1 1 1 1 1 1 1 1 1 1 1 1 1 1 1 1 1 1 1 1 1 1 1 1 1 1 1 1 1 1 1 1 1 1 1 1 1 1 1 1 1 1 1 1 1 1 1 1 1 1 1 1 1 1 1 1 1 1 1 1 1 1 1 1 1 1 1 1 1 1 1 1 1 1 1 1 1 1 1 1 
=======
10 10 50 30 0 0
100 0 0
1 1 1 1 1 1 1 1 1 1 1 1 1 1 1 1 1 1 1 1 1 1 1 1 1 1 1 1 1 1 1 1 1 1 1 1 1 1 1 1 1 1 1 1 1 1 1 1 1 1 1 1 1 1 1 1 1 1 1 1 1 1 1 1 1 1 1 1 1 1 1 1 1 1 1 1 1 1 1 1 1 
3 3 4 3 3 3 4 3 3 3 6 4 2 6 3 3 4 3 3 1 3 3 3 3 4 1 2 3 4 3 4 4 4 3 3 4 4 4 3 3 3 4 3 3 3 4 4 3 4 4 3 3 2 3 4 2 3 4 3 4 2 3 3 1 3 4 3 3 1 3 3 2 3 3 2 2 4 2 1 3 3 
>>>>>>> refs/remotes/origin/master
