20
1
1
0
0
0
0 0 0
10 10 0 50 30 0
90 10 0
1 1 1 1 1 1 1 1 1 1 1 1 1 1 1 1 1 1 1 1 1 1 1 1 1 1 1 1 1 1 1 1 1 1 1 1 1 1 1 1 1 1 1 1 1 1 1 1 1 1 1 1 1 1 1 1 1 1 1 1 1 1 1 1 1 1 1 1 1 1 1 1 1 1 1 1 1 1 1 1 1 
4 4 5 5 4 4 5 4 4 5 4 4 4 4 4 4 4 4 4 4 5 5 4 5 4 4 4 1 4 4 4 4 4 4 4 4 2 4 5 4 4 1 1 5 4 4 1 5 4 4 5 4 1 5 1 5 1 2 4 4 4 4 4 1 4 5 4 4 5 5 5 1 5 5 5 4 4 4 4 5 2 
1 1 1 1 1 1 1 1 2 1 1 1 2 1 1 1 1 1 1 1 1 1 1 1 1 2 1 1 2 1 1 1 1 1 1 1 1 1 1 1 1 1 1 1 1 1 1 1 1 2 1 1 1 1 1 1 1 1 1 1 1 1 1 1 1 1 1 1 1 1 1 1 1 1 1 1 1 1 2 1 2 
