20 //total level
2 //current level
20 //move limit
0 //time limit
3 //swap limit
4 // remove limit
100 200 400 //star goals
10 20 30 40 0 0 //number freq
70 10 20 //multiplier freq
1 1 1 1 1 1 1 1 1 1 1 1 1 1 1 1 1 1 1 1 0 1 1 1 1 1 1 1 1 1 1 1 1 1 1 1 1 1 1 1 1 1 1 1 1 1 1 1 1 1 1 1 1 1 1 1 1 1 1 1 1 1 1 1 1 1 1 1 1 1 1 1 1 1 1 1 1 1 1 1 1 
6 3 3 4 4 4 4 4 2 4 3 3 4 3 4 2 2 3 4 3 0 3 4 4 4 3 4 4 1 4 3 4 3 4 3 4 4 2 2 2 3 3 4 4 3 4 3 4 4 4 4 3 2 4 2 3 4 2 2 4 4 1 1 4 3 4 2 4 4 3 4 3 4 3 1 4 2 3 4 3 4 
1 3 1 1 1 1 1 1 1 2 1 1 1 1 1 1 1 1 1 3 1 1 1 3 1 1 1 1 1 1 1 1 2 1 1 1 1 1 1 1 2 1 1 1 1 1 2 3 1 3 1 3 2 1 3 3 1 1 1 3 1 2 1 3 1 1 1 1 1 1 1 1 1 1 1 2 3 1 3 1 2 
//1 normal
//0 background
//2 bucket
